{
 "cells": [
  {
   "attachments": {},
   "cell_type": "markdown",
   "metadata": {},
   "source": [
    "# 1. Using `PCA` to reduce the dimensionality of the data\n",
    "\n",
    "Using the hotelling dataset, we will use PCA to reduce the dimensionality of the data. We will then use the reduced data to train a model and compare the performance of the model with the original data."
   ]
  },
  {
   "cell_type": "code",
   "execution_count": 1,
   "metadata": {},
   "outputs": [],
   "source": [
    "import pandas as pd\n",
    "import numpy as np\n",
    "import matplotlib.pyplot as plt\n",
    "import seaborn as sns\n",
    "import plotly.express as px\n",
    "import plotly.graph_objects as go\n",
    "\n",
    "# Read USDA National Nutrient Database for Standard Reference\n",
    "nndb = pd.read_csv(\"nndb_flat.csv\")"
   ]
  },
  {
   "cell_type": "code",
   "execution_count": 2,
   "metadata": {},
   "outputs": [
    {
     "data": {
      "text/html": [
       "<div>\n",
       "<style scoped>\n",
       "    .dataframe tbody tr th:only-of-type {\n",
       "        vertical-align: middle;\n",
       "    }\n",
       "\n",
       "    .dataframe tbody tr th {\n",
       "        vertical-align: top;\n",
       "    }\n",
       "\n",
       "    .dataframe thead th {\n",
       "        text-align: right;\n",
       "    }\n",
       "</style>\n",
       "<table border=\"1\" class=\"dataframe\">\n",
       "  <thead>\n",
       "    <tr style=\"text-align: right;\">\n",
       "      <th></th>\n",
       "      <th>ID</th>\n",
       "      <th>FoodGroup</th>\n",
       "      <th>ShortDescrip</th>\n",
       "      <th>Descrip</th>\n",
       "      <th>CommonName</th>\n",
       "      <th>MfgName</th>\n",
       "      <th>ScientificName</th>\n",
       "      <th>Energy_kcal</th>\n",
       "      <th>Protein_g</th>\n",
       "      <th>Fat_g</th>\n",
       "      <th>...</th>\n",
       "      <th>Folate_USRDA</th>\n",
       "      <th>Niacin_USRDA</th>\n",
       "      <th>Riboflavin_USRDA</th>\n",
       "      <th>Thiamin_USRDA</th>\n",
       "      <th>Calcium_USRDA</th>\n",
       "      <th>Copper_USRDA</th>\n",
       "      <th>Magnesium_USRDA</th>\n",
       "      <th>Phosphorus_USRDA</th>\n",
       "      <th>Selenium_USRDA</th>\n",
       "      <th>Zinc_USRDA</th>\n",
       "    </tr>\n",
       "  </thead>\n",
       "  <tbody>\n",
       "    <tr>\n",
       "      <th>0</th>\n",
       "      <td>1001</td>\n",
       "      <td>Dairy and Egg Products</td>\n",
       "      <td>BUTTER,WITH SALT</td>\n",
       "      <td>Butter, salted</td>\n",
       "      <td>NaN</td>\n",
       "      <td>NaN</td>\n",
       "      <td>NaN</td>\n",
       "      <td>717.0</td>\n",
       "      <td>0.85</td>\n",
       "      <td>81.11</td>\n",
       "      <td>...</td>\n",
       "      <td>0.0075</td>\n",
       "      <td>0.002625</td>\n",
       "      <td>0.026154</td>\n",
       "      <td>0.004167</td>\n",
       "      <td>0.020000</td>\n",
       "      <td>0.000000</td>\n",
       "      <td>0.004762</td>\n",
       "      <td>0.034286</td>\n",
       "      <td>0.018182</td>\n",
       "      <td>0.008182</td>\n",
       "    </tr>\n",
       "    <tr>\n",
       "      <th>1</th>\n",
       "      <td>1002</td>\n",
       "      <td>Dairy and Egg Products</td>\n",
       "      <td>BUTTER,WHIPPED,WITH SALT</td>\n",
       "      <td>Butter, whipped, with salt</td>\n",
       "      <td>NaN</td>\n",
       "      <td>NaN</td>\n",
       "      <td>NaN</td>\n",
       "      <td>717.0</td>\n",
       "      <td>0.85</td>\n",
       "      <td>81.11</td>\n",
       "      <td>...</td>\n",
       "      <td>0.0075</td>\n",
       "      <td>0.002625</td>\n",
       "      <td>0.026154</td>\n",
       "      <td>0.004167</td>\n",
       "      <td>0.020000</td>\n",
       "      <td>0.000018</td>\n",
       "      <td>0.004762</td>\n",
       "      <td>0.032857</td>\n",
       "      <td>0.018182</td>\n",
       "      <td>0.004545</td>\n",
       "    </tr>\n",
       "    <tr>\n",
       "      <th>2</th>\n",
       "      <td>1003</td>\n",
       "      <td>Dairy and Egg Products</td>\n",
       "      <td>BUTTER OIL,ANHYDROUS</td>\n",
       "      <td>Butter oil, anhydrous</td>\n",
       "      <td>NaN</td>\n",
       "      <td>NaN</td>\n",
       "      <td>NaN</td>\n",
       "      <td>876.0</td>\n",
       "      <td>0.28</td>\n",
       "      <td>99.48</td>\n",
       "      <td>...</td>\n",
       "      <td>0.0000</td>\n",
       "      <td>0.000188</td>\n",
       "      <td>0.003846</td>\n",
       "      <td>0.000833</td>\n",
       "      <td>0.003333</td>\n",
       "      <td>0.000001</td>\n",
       "      <td>0.000000</td>\n",
       "      <td>0.004286</td>\n",
       "      <td>0.000000</td>\n",
       "      <td>0.000909</td>\n",
       "    </tr>\n",
       "    <tr>\n",
       "      <th>3</th>\n",
       "      <td>1004</td>\n",
       "      <td>Dairy and Egg Products</td>\n",
       "      <td>CHEESE,BLUE</td>\n",
       "      <td>Cheese, blue</td>\n",
       "      <td>NaN</td>\n",
       "      <td>NaN</td>\n",
       "      <td>NaN</td>\n",
       "      <td>353.0</td>\n",
       "      <td>21.40</td>\n",
       "      <td>28.74</td>\n",
       "      <td>...</td>\n",
       "      <td>0.0900</td>\n",
       "      <td>0.063500</td>\n",
       "      <td>0.293846</td>\n",
       "      <td>0.024167</td>\n",
       "      <td>0.440000</td>\n",
       "      <td>0.000044</td>\n",
       "      <td>0.054762</td>\n",
       "      <td>0.552857</td>\n",
       "      <td>0.263636</td>\n",
       "      <td>0.241818</td>\n",
       "    </tr>\n",
       "    <tr>\n",
       "      <th>4</th>\n",
       "      <td>1005</td>\n",
       "      <td>Dairy and Egg Products</td>\n",
       "      <td>CHEESE,BRICK</td>\n",
       "      <td>Cheese, brick</td>\n",
       "      <td>NaN</td>\n",
       "      <td>NaN</td>\n",
       "      <td>NaN</td>\n",
       "      <td>371.0</td>\n",
       "      <td>23.24</td>\n",
       "      <td>29.68</td>\n",
       "      <td>...</td>\n",
       "      <td>0.0500</td>\n",
       "      <td>0.007375</td>\n",
       "      <td>0.270000</td>\n",
       "      <td>0.011667</td>\n",
       "      <td>0.561667</td>\n",
       "      <td>0.000027</td>\n",
       "      <td>0.057143</td>\n",
       "      <td>0.644286</td>\n",
       "      <td>0.263636</td>\n",
       "      <td>0.236364</td>\n",
       "    </tr>\n",
       "  </tbody>\n",
       "</table>\n",
       "<p>5 rows × 45 columns</p>\n",
       "</div>"
      ],
      "text/plain": [
       "     ID               FoodGroup              ShortDescrip  \\\n",
       "0  1001  Dairy and Egg Products          BUTTER,WITH SALT   \n",
       "1  1002  Dairy and Egg Products  BUTTER,WHIPPED,WITH SALT   \n",
       "2  1003  Dairy and Egg Products      BUTTER OIL,ANHYDROUS   \n",
       "3  1004  Dairy and Egg Products               CHEESE,BLUE   \n",
       "4  1005  Dairy and Egg Products              CHEESE,BRICK   \n",
       "\n",
       "                      Descrip CommonName MfgName ScientificName  Energy_kcal  \\\n",
       "0              Butter, salted        NaN     NaN            NaN        717.0   \n",
       "1  Butter, whipped, with salt        NaN     NaN            NaN        717.0   \n",
       "2       Butter oil, anhydrous        NaN     NaN            NaN        876.0   \n",
       "3                Cheese, blue        NaN     NaN            NaN        353.0   \n",
       "4               Cheese, brick        NaN     NaN            NaN        371.0   \n",
       "\n",
       "   Protein_g  Fat_g  ...  Folate_USRDA  Niacin_USRDA  Riboflavin_USRDA  \\\n",
       "0       0.85  81.11  ...        0.0075      0.002625          0.026154   \n",
       "1       0.85  81.11  ...        0.0075      0.002625          0.026154   \n",
       "2       0.28  99.48  ...        0.0000      0.000188          0.003846   \n",
       "3      21.40  28.74  ...        0.0900      0.063500          0.293846   \n",
       "4      23.24  29.68  ...        0.0500      0.007375          0.270000   \n",
       "\n",
       "   Thiamin_USRDA  Calcium_USRDA  Copper_USRDA  Magnesium_USRDA  \\\n",
       "0       0.004167       0.020000      0.000000         0.004762   \n",
       "1       0.004167       0.020000      0.000018         0.004762   \n",
       "2       0.000833       0.003333      0.000001         0.000000   \n",
       "3       0.024167       0.440000      0.000044         0.054762   \n",
       "4       0.011667       0.561667      0.000027         0.057143   \n",
       "\n",
       "   Phosphorus_USRDA  Selenium_USRDA  Zinc_USRDA  \n",
       "0          0.034286        0.018182    0.008182  \n",
       "1          0.032857        0.018182    0.004545  \n",
       "2          0.004286        0.000000    0.000909  \n",
       "3          0.552857        0.263636    0.241818  \n",
       "4          0.644286        0.263636    0.236364  \n",
       "\n",
       "[5 rows x 45 columns]"
      ]
     },
     "execution_count": 2,
     "metadata": {},
     "output_type": "execute_result"
    }
   ],
   "source": [
    "nndb.head()"
   ]
  },
  {
   "cell_type": "code",
   "execution_count": 3,
   "metadata": {},
   "outputs": [
    {
     "data": {
      "text/plain": [
       "(8618, 45)"
      ]
     },
     "execution_count": 3,
     "metadata": {},
     "output_type": "execute_result"
    }
   ],
   "source": [
    "nndb.shape"
   ]
  },
  {
   "cell_type": "code",
   "execution_count": 5,
   "metadata": {},
   "outputs": [
    {
     "name": "stdout",
     "output_type": "stream",
     "text": [
      "Index(['ID', 'FoodGroup', 'ShortDescrip', 'Descrip', 'CommonName', 'MfgName',\n",
      "       'ScientificName', 'Energy_kcal', 'Protein_g', 'Fat_g', 'Carb_g',\n",
      "       'Sugar_g', 'Fiber_g', 'VitA_mcg', 'VitB6_mg', 'VitB12_mcg', 'VitC_mg',\n",
      "       'VitE_mg', 'Folate_mcg', 'Niacin_mg', 'Riboflavin_mg', 'Thiamin_mg',\n",
      "       'Calcium_mg', 'Copper_mcg', 'Iron_mg', 'Magnesium_mg', 'Manganese_mg',\n",
      "       'Phosphorus_mg', 'Selenium_mcg', 'Zinc_mg', 'VitA_USRDA', 'VitB6_USRDA',\n",
      "       'VitB12_USRDA', 'VitC_USRDA', 'VitE_USRDA', 'Folate_USRDA',\n",
      "       'Niacin_USRDA', 'Riboflavin_USRDA', 'Thiamin_USRDA', 'Calcium_USRDA',\n",
      "       'Copper_USRDA', 'Magnesium_USRDA', 'Phosphorus_USRDA', 'Selenium_USRDA',\n",
      "       'Zinc_USRDA'],\n",
      "      dtype='object')\n"
     ]
    }
   ],
   "source": [
    "print(nndb.columns)"
   ]
  },
  {
   "cell_type": "code",
   "execution_count": 4,
   "metadata": {},
   "outputs": [
    {
     "data": {
      "text/plain": [
       "array(['Dairy and Egg Products', 'Spices and Herbs', 'Baby Foods',\n",
       "       'Fats and Oils', 'Poultry Products', 'Soups, Sauces, and Gravies',\n",
       "       'Sausages and Luncheon Meats', 'Breakfast Cereals', 'Snacks',\n",
       "       'Fruits and Fruit Juices', 'Pork Products',\n",
       "       'Vegetables and Vegetable Products', 'Nut and Seed Products',\n",
       "       'Beef Products', 'Beverages', 'Finfish and Shellfish Products',\n",
       "       'Legumes and Legume Products', 'Lamb, Veal, and Game Products',\n",
       "       'Baked Products', 'Sweets', 'Cereal Grains and Pasta',\n",
       "       'Fast Foods', 'Meals, Entrees, and Side Dishes',\n",
       "       'American Indian/Alaska Native Foods', 'Restaurant Foods'],\n",
       "      dtype=object)"
      ]
     },
     "execution_count": 4,
     "metadata": {},
     "output_type": "execute_result"
    }
   ],
   "source": [
    "nndb[\"FoodGroup\"].unique()"
   ]
  },
  {
   "cell_type": "code",
   "execution_count": 9,
   "metadata": {},
   "outputs": [
    {
     "data": {
      "text/plain": [
       "['CommonName', 'MfgName', 'ScientificName']"
      ]
     },
     "execution_count": 9,
     "metadata": {},
     "output_type": "execute_result"
    }
   ],
   "source": [
    "# return the columns with missing values\n",
    "nndb.columns[nndb.isna().any()].tolist()"
   ]
  },
  {
   "attachments": {},
   "cell_type": "markdown",
   "metadata": {},
   "source": [
    "Let's create our binary target `y`:\n",
    "* `y = 1` if `FoodGroup` is processed food\n",
    "* `y = 0` otherwise"
   ]
  },
  {
   "attachments": {},
   "cell_type": "markdown",
   "metadata": {},
   "source": [
    "### Prepare the data for PCA"
   ]
  },
  {
   "cell_type": "code",
   "execution_count": 15,
   "metadata": {},
   "outputs": [
    {
     "data": {
      "application/vnd.plotly.v1+json": {
       "config": {
        "plotlyServerURL": "https://plot.ly"
       },
       "data": [
        {
         "colorbar": {
          "tickmode": "array",
          "ticktext": [
           "-1",
           "-0.5",
           "0",
           "0.5",
           "1"
          ],
          "tickvals": [
           -1,
           -0.5,
           0,
           0.5,
           1
          ],
          "title": {
           "side": "right",
           "text": "Correlation"
          }
         },
         "colorscale": [
          [
           0,
           "#440154"
          ],
          [
           0.1111111111111111,
           "#482878"
          ],
          [
           0.2222222222222222,
           "#3e4989"
          ],
          [
           0.3333333333333333,
           "#31688e"
          ],
          [
           0.4444444444444444,
           "#26828e"
          ],
          [
           0.5555555555555556,
           "#1f9e89"
          ],
          [
           0.6666666666666666,
           "#35b779"
          ],
          [
           0.7777777777777778,
           "#6ece58"
          ],
          [
           0.8888888888888888,
           "#b5de2b"
          ],
          [
           1,
           "#fde725"
          ]
         ],
         "type": "heatmap",
         "x": [
          "Energy_kcal",
          "Protein_g",
          "Fat_g",
          "Carb_g",
          "Sugar_g",
          "Fiber_g",
          "VitA_mcg",
          "VitB6_mg",
          "VitB12_mcg",
          "VitC_mg",
          "VitE_mg",
          "Folate_mcg",
          "Niacin_mg",
          "Riboflavin_mg",
          "Thiamin_mg",
          "Calcium_mg",
          "Copper_mcg",
          "Iron_mg",
          "Magnesium_mg",
          "Manganese_mg",
          "Phosphorus_mg",
          "Selenium_mcg",
          "Zinc_mg",
          "VitA_USRDA",
          "VitB6_USRDA",
          "VitB12_USRDA",
          "VitC_USRDA",
          "VitE_USRDA",
          "Folate_USRDA",
          "Niacin_USRDA",
          "Riboflavin_USRDA",
          "Thiamin_USRDA",
          "Calcium_USRDA",
          "Copper_USRDA",
          "Magnesium_USRDA",
          "Phosphorus_USRDA",
          "Selenium_USRDA",
          "Zinc_USRDA"
         ],
         "y": [
          "Energy_kcal",
          "Protein_g",
          "Fat_g",
          "Carb_g",
          "Sugar_g",
          "Fiber_g",
          "VitA_mcg",
          "VitB6_mg",
          "VitB12_mcg",
          "VitC_mg",
          "VitE_mg",
          "Folate_mcg",
          "Niacin_mg",
          "Riboflavin_mg",
          "Thiamin_mg",
          "Calcium_mg",
          "Copper_mcg",
          "Iron_mg",
          "Magnesium_mg",
          "Manganese_mg",
          "Phosphorus_mg",
          "Selenium_mcg",
          "Zinc_mg",
          "VitA_USRDA",
          "VitB6_USRDA",
          "VitB12_USRDA",
          "VitC_USRDA",
          "VitE_USRDA",
          "Folate_USRDA",
          "Niacin_USRDA",
          "Riboflavin_USRDA",
          "Thiamin_USRDA",
          "Calcium_USRDA",
          "Copper_USRDA",
          "Magnesium_USRDA",
          "Phosphorus_USRDA",
          "Selenium_USRDA",
          "Zinc_USRDA"
         ],
         "z": [
          [
           1,
           0.11030202590652106,
           0.8067947210034095,
           0.48709629236634727,
           0.31315141854393513,
           0.19733770646623916,
           0.026328868547581753,
           0.12187204567839624,
           -0.012292209168038923,
           -0.033494812598545205,
           0.30370101582713965,
           0.14593632660186287,
           0.17499120045124902,
           0.1558304668278168,
           0.18743879456463444,
           0.12357102705847813,
           0.09951288141830862,
           0.19556430464771896,
           0.2558795781489516,
           0.037621014246941024,
           0.1951806456588192,
           0.05667274370800985,
           0.1127663526652221,
           0.026328868547581534,
           0.12187204567839684,
           -0.012292209168038892,
           -0.033494812598544976,
           0.30370101582714043,
           0.1459363266018635,
           0.17499120045124902,
           0.15583046682781698,
           0.18743879456463444,
           0.12357102705847853,
           0.09951288141830636,
           0.2558795781489525,
           0.19518064565881946,
           0.056672743708010016,
           0.1127663526652216
          ],
          [
           0.11030202590652106,
           1,
           0.05471538434281521,
           -0.30197393140751205,
           -0.26616953986657615,
           -0.07277740429365599,
           0.02648279584822783,
           0.22848531943521994,
           0.2454234008713752,
           -0.06645557943329765,
           -0.02948145917006094,
           0.008939272175556586,
           0.3769392992277497,
           0.20247973170700417,
           0.09835971374457511,
           0.046888286624157983,
           0.1588996088079526,
           0.1263753302620891,
           0.21861058886344845,
           0.0397424386201119,
           0.4446076051079728,
           0.37836917273863424,
           0.41631537783946715,
           0.02648279584822795,
           0.22848531943521813,
           0.24542340087137582,
           -0.06645557943329755,
           -0.029481459170060533,
           0.008939272175556717,
           0.3769392992277497,
           0.20247973170700342,
           0.09835971374457546,
           0.04688828662415788,
           0.15889960880794574,
           0.21861058886344764,
           0.44460760510797426,
           0.37836917273863424,
           0.41631537783946815
          ],
          [
           0.8067947210034095,
           0.05471538434281521,
           1,
           -0.054116132961106865,
           -0.0019620588253614108,
           -0.028842011299732042,
           0.024378676258331025,
           -0.04694955341700696,
           -0.020785648800072005,
           -0.059993466847540686,
           0.3380082790977088,
           -0.05804921341085823,
           -0.022671065193430973,
           -0.0362859683905163,
           -0.005785447725195402,
           0.015039153031677443,
           0.04276499338273516,
           -0.04040845613246925,
           0.0707807655737801,
           -0.000591718208011809,
           0.06608644300649708,
           0.03755914483689446,
           0.028263522340142348,
           0.024378676258331056,
           -0.04694955341700694,
           -0.020785648800072068,
           -0.05999346684754035,
           0.3380082790977114,
           -0.058049213410857996,
           -0.022671065193430973,
           -0.03628596839051641,
           -0.0057854477251955486,
           0.015039153031677509,
           0.04276499338273706,
           0.07078076557378037,
           0.0660864430064975,
           0.03755914483689402,
           0.028263522340142216
          ],
          [
           0.48709629236634727,
           -0.30197393140751205,
           -0.054116132961106865,
           1,
           0.6153441447231697,
           0.4581919159623444,
           0.0018708541836969488,
           0.19557121592140636,
           -0.09463555517178154,
           0.07674547540460802,
           0.07029819736877656,
           0.32516962350089035,
           0.17328486382963548,
           0.23240761379738087,
           0.2818088138417933,
           0.1891063854177097,
           0.062105699737421804,
           0.35046314773762194,
           0.287207131536956,
           0.055570117326983914,
           0.07318046066503775,
           -0.11459953698369077,
           -0.01218688670081646,
           0.0018708541836969684,
           0.19557121592140542,
           -0.09463555517178132,
           0.0767454754046079,
           0.07029819736877745,
           0.32516962350088774,
           0.17328486382963548,
           0.23240761379737998,
           0.2818088138417923,
           0.18910638541770905,
           0.06210569973741704,
           0.2872071315369546,
           0.07318046066503771,
           -0.11459953698369109,
           -0.012186886700817145
          ],
          [
           0.31315141854393513,
           -0.26616953986657615,
           -0.0019620588253614108,
           0.6153441447231697,
           1,
           0.11591627896765581,
           0.010143283352169461,
           0.08876747540516555,
           -0.05045031559919,
           0.06415242239571675,
           0.06605706977987368,
           0.16125673083034994,
           0.03437839443816268,
           0.12522487290875586,
           0.09775096086406361,
           0.12953996004523585,
           -0.005836533564414636,
           0.11776525450149145,
           0.041308206196656885,
           0.010871030955050246,
           -0.04978402908838215,
           -0.1237076429822238,
           -0.021990699657465557,
           0.010143283352169345,
           0.08876747540516661,
           -0.050450315599190027,
           0.06415242239571695,
           0.06605706977987395,
           0.16125673083034964,
           0.03437839443816268,
           0.12522487290875628,
           0.0977509608640634,
           0.12953996004523613,
           -0.005836533564414004,
           0.04130820619665674,
           -0.049784029088382246,
           -0.12370764298222381,
           -0.021990699657466334
          ],
          [
           0.19733770646623916,
           -0.07277740429365599,
           -0.028842011299732042,
           0.4581919159623444,
           0.11591627896765581,
           1,
           0.005910233413225492,
           0.2428041694486712,
           -0.05204503413374304,
           0.08185171524988588,
           0.16015397698874365,
           0.24907544914766444,
           0.13525742718764527,
           0.1577029326772074,
           0.2052107620616146,
           0.23228575624679856,
           0.185043886298134,
           0.38671030842283566,
           0.5420375345271686,
           0.10166113314893342,
           0.1584223954452155,
           -0.03589723255651433,
           0.08515382122621779,
           0.005910233413225523,
           0.24280416944867106,
           -0.05204503413374309,
           0.08185171524988577,
           0.16015397698874415,
           0.24907544914766477,
           0.13525742718764527,
           0.1577029326772063,
           0.20521076206161462,
           0.23228575624679804,
           0.1850438862981292,
           0.5420375345271743,
           0.15842239544521572,
           -0.035897232556514405,
           0.08515382122621769
          ],
          [
           0.026328868547581753,
           0.02648279584822783,
           0.024378676258331025,
           0.0018708541836969488,
           0.010143283352169461,
           0.005910233413225492,
           1,
           0.13660459521566326,
           0.5810038034489978,
           0.11127895577047428,
           0.044128874318463886,
           0.10851715715974886,
           0.15167895193497363,
           0.32570947208630113,
           0.05292064311173397,
           0.03482231213573161,
           0.5699446934398799,
           0.1034745219310819,
           0.02457206595265224,
           0.3699929287065078,
           0.05581379285636576,
           0.048043301536152834,
           0.07054133401359025,
           1.0000000000000013,
           0.13660459521566337,
           0.5810038034489983,
           0.1112789557704741,
           0.044128874318464,
           0.10851715715974942,
           0.15167895193497363,
           0.32570947208629936,
           0.052920643111733306,
           0.03482231213573134,
           0.569944693439883,
           0.024572065952652326,
           0.055813792856365944,
           0.04804330153615299,
           0.07054133401359072
          ],
          [
           0.12187204567839624,
           0.22848531943521994,
           -0.04694955341700696,
           0.19557121592140636,
           0.08876747540516555,
           0.2428041694486712,
           0.13660459521566326,
           1,
           0.26432491753546716,
           0.27130493504055814,
           0.28606521847533767,
           0.5500872087431762,
           0.7141425439607667,
           0.581677587420413,
           0.4170114214386607,
           0.17726805372888474,
           0.11632648880901067,
           0.4779051100656774,
           0.2931685198332538,
           0.06687560891608663,
           0.21339534086282838,
           0.10900372801641102,
           0.44714316778034174,
           0.1366045952156642,
           0.9999999999999969,
           0.2643249175354684,
           0.27130493504055775,
           0.286065218475337,
           0.5500872087431733,
           0.7141425439607667,
           0.581677587420413,
           0.4170114214386631,
           0.17726805372888563,
           0.1163264888090074,
           0.2931685198332567,
           0.21339534086282705,
           0.10900372801641088,
           0.4471431677803426
          ],
          [
           -0.012292209168038923,
           0.2454234008713752,
           -0.020785648800072005,
           -0.09463555517178154,
           -0.05045031559919,
           -0.05204503413374304,
           0.5810038034489978,
           0.26432491753546716,
           1,
           0.0072644179784130385,
           0.060617714489716444,
           0.15848272397512214,
           0.27903263159921277,
           0.43618232184954114,
           0.09960120800419592,
           0.011714865914077768,
           0.57064190532152,
           0.1773335627051675,
           0.004124169228756307,
           0.2421115682928007,
           0.14877403339263642,
           0.2153080491961568,
           0.298136089507217,
           0.5810038034489952,
           0.2643249175354681,
           0.9999999999999952,
           0.007264417978412896,
           0.06061771448971642,
           0.15848272397512245,
           0.27903263159921277,
           0.4361823218495423,
           0.099601208004196,
           0.01171486591407778,
           0.5706419053215211,
           0.004124169228756192,
           0.14877403339263678,
           0.2153080491961566,
           0.2981360895072158
          ],
          [
           -0.033494812598545205,
           -0.06645557943329765,
           -0.059993466847540686,
           0.07674547540460802,
           0.06415242239571675,
           0.08185171524988588,
           0.11127895577047428,
           0.27130493504055814,
           0.0072644179784130385,
           1,
           0.06688547415532474,
           0.07279688002283578,
           0.20910660915948057,
           0.22592751798659688,
           0.05698702370348201,
           0.11182510625997513,
           0.02545997914055538,
           0.07441686395203764,
           0.11522156401471338,
           0.01794185104470212,
           0.012000100182456687,
           -0.03521779133546473,
           0.018475508178225384,
           0.11127895577047443,
           0.2713049350405573,
           0.00726441797841299,
           1.0000000000000069,
           0.06688547415532464,
           0.07279688002283574,
           0.20910660915948057,
           0.22592751798659574,
           0.05698702370348216,
           0.11182510625997537,
           0.0254599791405553,
           0.11522156401471331,
           0.012000100182456645,
           -0.035217791335464946,
           0.018475508178225505
          ],
          [
           0.30370101582713965,
           -0.02948145917006094,
           0.3380082790977088,
           0.07029819736877656,
           0.06605706977987368,
           0.16015397698874365,
           0.044128874318463886,
           0.28606521847533767,
           0.060617714489716444,
           0.06688547415532474,
           1,
           0.18396787590595334,
           0.19697151126574367,
           0.15716322671913838,
           0.11931278029796202,
           0.10967063584794369,
           0.0745042327303668,
           0.1563318759588259,
           0.19520515444080422,
           0.10333516865943847,
           0.06825064327547446,
           0.015624819611876107,
           0.16709338955135977,
           0.044128874318463976,
           0.2860652184753379,
           0.06061771448971687,
           0.0668854741553244,
           1.000000000000002,
           0.1839678759059533,
           0.19697151126574367,
           0.15716322671913666,
           0.1193127802979621,
           0.10967063584794388,
           0.07450423273036591,
           0.1952051544408047,
           0.06825064327547453,
           0.015624819611876263,
           0.1670933895513601
          ],
          [
           0.14593632660186287,
           0.008939272175556586,
           -0.05804921341085823,
           0.32516962350089035,
           0.16125673083034994,
           0.24907544914766444,
           0.10851715715974886,
           0.5500872087431762,
           0.15848272397512214,
           0.07279688002283578,
           0.18396787590595334,
           1,
           0.5351324804249536,
           0.5707483973914076,
           0.5388292585398454,
           0.14943788276972134,
           0.12111413313542889,
           0.4742838302295096,
           0.24279697210453288,
           0.05830303157503127,
           0.12192927130177723,
           0.034838911062219896,
           0.31958005528496375,
           0.10851715715974945,
           0.5500872087431729,
           0.1584827239751236,
           0.0727968800228355,
           0.18396787590595304,
           1.0000000000000064,
           0.5351324804249536,
           0.5707483973914043,
           0.5388292585398473,
           0.14943788276972203,
           0.12111413313542346,
           0.2427969721045353,
           0.12192927130177687,
           0.03483891106222015,
           0.3195800552849645
          ],
          [
           0.17499120045124902,
           0.3769392992277497,
           -0.022671065193430973,
           0.17328486382963548,
           0.03437839443816268,
           0.13525742718764527,
           0.15167895193497363,
           0.7141425439607667,
           0.27903263159921277,
           0.20910660915948057,
           0.19697151126574367,
           0.5351324804249536,
           1,
           0.7467361754101709,
           0.6018291448392501,
           0.13328741631229346,
           0.13847660465325873,
           0.49975650450473486,
           0.2717901319188849,
           0.09996100665689538,
           0.2568794930318083,
           0.17888364103719315,
           0.47164203741120636,
           0.15167895193497352,
           0.7141425439607655,
           0.2790326315992113,
           0.2091066091594797,
           0.19697151126574527,
           0.535132480424953,
           1,
           0.7467361754101715,
           0.6018291448392488,
           0.13328741631229277,
           0.1384766046532546,
           0.27179013191888823,
           0.25687949303180885,
           0.1788836410371939,
           0.4716420374112082
          ],
          [
           0.1558304668278168,
           0.20247973170700417,
           -0.0362859683905163,
           0.23240761379738087,
           0.12522487290875586,
           0.1577029326772074,
           0.32570947208630113,
           0.581677587420413,
           0.43618232184954114,
           0.22592751798659688,
           0.15716322671913838,
           0.5707483973914076,
           0.7467361754101709,
           1,
           0.6337193454539052,
           0.22216460039617228,
           0.30076296313169487,
           0.506237326004722,
           0.22921611281407683,
           0.10682157075464731,
           0.2239674273849451,
           0.14074186547408038,
           0.36761097169541346,
           0.32570947208630086,
           0.5816775874204072,
           0.4361823218495394,
           0.22592751798659677,
           0.15716322671913824,
           0.570748397391407,
           0.7467361754101709,
           0.9999999999999991,
           0.6337193454539052,
           0.2221646003961717,
           0.3007629631316943,
           0.22921611281407747,
           0.22396742738494446,
           0.1407418654740809,
           0.3676109716954132
          ],
          [
           0.18743879456463444,
           0.09835971374457511,
           -0.005785447725195402,
           0.2818088138417933,
           0.09775096086406361,
           0.2052107620616146,
           0.05292064311173397,
           0.4170114214386607,
           0.09960120800419592,
           0.05698702370348201,
           0.11931278029796202,
           0.5388292585398454,
           0.6018291448392501,
           0.6337193454539052,
           1,
           0.13584593073783127,
           0.09965887514990589,
           0.4036591803725373,
           0.24402691934965695,
           0.04828219513426601,
           0.17458855687802197,
           0.05569798625164721,
           0.24940236294271223,
           0.0529206431117339,
           0.4170114214386611,
           0.09960120800419633,
           0.056987023703482,
           0.11931278029796295,
           0.5388292585398458,
           0.60182914483925,
           0.6337193454539032,
           1.0000000000000033,
           0.13584593073783097,
           0.09965887514990235,
           0.2440269193496578,
           0.17458855687802322,
           0.055697986251647125,
           0.24940236294271334
          ],
          [
           0.12357102705847813,
           0.046888286624157983,
           0.015039153031677443,
           0.1891063854177097,
           0.12953996004523585,
           0.23228575624679856,
           0.03482231213573161,
           0.17726805372888474,
           0.011714865914077768,
           0.11182510625997513,
           0.10967063584794369,
           0.14943788276972134,
           0.13328741631229346,
           0.22216460039617228,
           0.13584593073783127,
           1,
           0.0832991095217769,
           0.34561618909838576,
           0.3127937059959629,
           0.07093334668879672,
           0.5687844964126636,
           0.00942357757583268,
           0.1407251508193981,
           0.03482231213573161,
           0.17726805372888518,
           0.01171486591407781,
           0.11182510625997548,
           0.10967063584794368,
           0.14943788276972209,
           0.13328741631229346,
           0.222164600396169,
           0.13584593073783105,
           0.9999999999999952,
           0.08329910952177545,
           0.31279370599596434,
           0.5687844964126649,
           0.009423577575832547,
           0.14072515081939815
          ],
          [
           0.09951288141830862,
           0.1588996088079526,
           0.04276499338273516,
           0.062105699737421804,
           -0.005836533564414636,
           0.185043886298134,
           0.5699446934398799,
           0.11632648880901067,
           0.57064190532152,
           0.02545997914055538,
           0.0745042327303668,
           0.12111413313542889,
           0.13847660465325873,
           0.30076296313169487,
           0.09965887514990589,
           0.0832991095217769,
           1,
           0.17947341008380682,
           0.34086898110983826,
           0.16765170330449924,
           0.21591506065107963,
           0.12679339073085394,
           0.2584521215517153,
           0.5699446934398796,
           0.11632648880901052,
           0.5706419053215236,
           0.025459979140555207,
           0.07450423273036684,
           0.1211141331354282,
           0.13847660465325867,
           0.30076296313169626,
           0.09965887514990629,
           0.08329910952177687,
           1.0000000000000013,
           0.3408689811098374,
           0.21591506065108035,
           0.1267933907308545,
           0.25845212155171504
          ],
          [
           0.19556430464771896,
           0.1263753302620891,
           -0.04040845613246925,
           0.35046314773762194,
           0.11776525450149145,
           0.38671030842283566,
           0.1034745219310819,
           0.4779051100656774,
           0.1773335627051675,
           0.07441686395203764,
           0.1563318759588259,
           0.4742838302295096,
           0.49975650450473486,
           0.506237326004722,
           0.4036591803725373,
           0.34561618909838576,
           0.17947341008380682,
           1,
           0.4022344882132207,
           0.09340511497510931,
           0.22066603277088348,
           0.0638579377185619,
           0.37526107005543435,
           0.10347452193108232,
           0.4779051100656799,
           0.1773335627051688,
           0.07441686395203759,
           0.15633187595882544,
           0.4742838302295082,
           0.49975650450473486,
           0.5062373260047224,
           0.4036591803725379,
           0.34561618909838837,
           0.1794734100838005,
           0.40223448821322355,
           0.22066603277088404,
           0.0638579377185618,
           0.37526107005543813
          ],
          [
           0.2558795781489516,
           0.21861058886344845,
           0.0707807655737801,
           0.287207131536956,
           0.041308206196656885,
           0.5420375345271686,
           0.02457206595265224,
           0.2931685198332538,
           0.004124169228756307,
           0.11522156401471338,
           0.19520515444080422,
           0.24279697210453288,
           0.2717901319188849,
           0.22921611281407683,
           0.24402691934965695,
           0.3127937059959629,
           0.34086898110983826,
           0.4022344882132207,
           1,
           0.17829688193119972,
           0.4287675817667947,
           0.12708881121675866,
           0.2561852677304618,
           0.02457206595265211,
           0.29316851983325243,
           0.004124169228756296,
           0.11522156401471322,
           0.19520515444080414,
           0.24279697210453483,
           0.2717901319188849,
           0.22921611281407614,
           0.24402691934965695,
           0.3127937059959598,
           0.3408689811098299,
           1.0000000000000029,
           0.4287675817667945,
           0.12708881121675916,
           0.25618526773046185
          ],
          [
           0.037621014246941024,
           0.0397424386201119,
           -0.000591718208011809,
           0.055570117326983914,
           0.010871030955050246,
           0.10166113314893342,
           0.3699929287065078,
           0.06687560891608663,
           0.2421115682928007,
           0.01794185104470212,
           0.10333516865943847,
           0.05830303157503127,
           0.09996100665689538,
           0.10682157075464731,
           0.04828219513426601,
           0.07093334668879672,
           0.16765170330449924,
           0.09340511497510931,
           0.17829688193119972,
           1,
           0.07805242666568,
           0.022419279855094915,
           0.0652208031018953,
           0.3699929287065086,
           0.06687560891608624,
           0.24211156829280087,
           0.017941851044702216,
           0.10333516865943805,
           0.05830303157503104,
           0.09996100665689538,
